#include "myutils.h"
#include "shapes.h"

static const char *g_default_shapes[] =
	{
	"shapes	9",
	"MotifSettings,A,14,5,B,20,1,C,14,5",
	"0	F1	10	2	77",
	"1	F2	9	3	525",
	"2	H	9	2	141",
	"3	J	9	2	585",
	"4	A	14	43	156",
	"5	B	20	21	136",
	"6	C	14	3	67",
	"7	D	11	3	46",
	"8	E	8	0	0",
	"MeanDistMx3",
	"0	0	0	0	3.80242	6.05428	8.82594	11.5472	14.8233	17.7019	21.1976	23.1462	26.5777",
	"0	0	1	3.80242	0	3.81404	6.68403	9.58356	12.6909	15.7769	19.2139	21.2566	24.7241",
	"0	0	2	6.05428	3.81404	0	3.7734	6.6396	9.6712	12.8744	16.3366	18.6119	22.0338",
	"0	0	3	8.82594	6.68403	3.7734	0	3.7832	6.53058	9.63478	12.9934	15.1112	18.5847",
	"0	0	4	11.5472	9.58356	6.6396	3.7832	0	3.78011	6.50335	10.0595	12.4888	15.8586",
	"0	0	5	14.8233	12.6909	9.6712	6.53058	3.78011	0	3.78506	6.88293	9.6244	12.9348",
	"0	0	6	17.7019	15.7769	12.8744	9.63478	6.50335	3.78506	0	3.78391	6.49681	9.66395",
	"0	0	7	21.1976	19.2139	16.3366	12.9934	10.0595	6.88293	3.78391	0	3.78472	6.52771",
	"0	0	8	23.1462	21.2566	18.6119	15.1112	12.4888	9.6244	6.49681	3.78472	0	3.80187",
	"0	0	9	26.5777	24.7241	22.0338	18.5847	15.8586	12.9348	9.66395	6.52771	3.80187	0",
	"1	0	0	28.7785	26.5639	23.8158	20.5845	18.405	14.8943	13.1554	9.92975	9.80654	9.18408",
	"1	0	1	25.9835	23.843	21.0718	17.7289	15.3602	11.8801	9.82855	6.49915	6.47583	6.64564",
	"1	0	2	23.5667	21.4332	18.7842	15.3287	13.4277	10.0811	8.48878	5.94638	5.58016	7.29984",
	"1	0	3	20.1491	18.0134	15.282	11.872	10.034	6.69073	5.91845	4.98136	6.3084	9.18725",
	"1	0	4	17.7589	15.8025	13.265	9.71299	8.25428	5.87785	5.47161	6.27174	6.88767	10.2648",
	"1	0	5	14.2457	12.2858	9.81526	6.3022	5.76712	4.89452	6.50643	8.85594	10.1252	13.5993",
	"1	0	6	12.5421	11.009	8.87691	5.72179	5.30974	6.45163	7.58747	10.5387	11.5506	14.9604",
	"1	0	7	9.80606	8.61683	7.17741	5.1722	6.83604	9.09227	10.9392	14.0174	15.0514	18.4246",
	"1	0	8	8.09138	7.73443	7.19805	6.84849	8.535	11.5583	13.3454	16.689	17.8179	21.092",
	"1	1	0	0	3.79999	6.56875	9.37627	12.6574	15.7689	18.5308	21.7824	24.9717",
	"1	1	1	3.79999	0	3.8106	6.43678	9.54501	12.7728	15.3248	18.7129	21.8131",
	"1	1	2	6.56875	3.8106	0	3.75783	6.46999	9.854	12.6212	15.8415	19.1577",
	"1	1	3	9.37627	6.43678	3.75783	0	3.78941	6.62429	9.649	12.79	16.0615",
	"1	1	4	12.6574	9.54501	6.46999	3.78941	0	3.76534	6.38489	9.54383	12.8826",
	"1	1	5	15.7689	12.7728	9.854	6.62429	3.76534	0	3.78562	6.34078	9.72883",
	"1	1	6	18.5308	15.3248	12.6212	9.649	6.38489	3.78562	0	3.78746	6.7609",
	"1	1	7	21.7824	18.7129	15.8415	12.79	9.54383	6.34078	3.78746	0	3.78592",
	"1	1	8	24.9717	21.8131	19.1577	16.0615	12.8826	9.72883	6.7609	3.78592	0",
	"2	0	0	20.0147	19.5543	19.749	18.4577	20.5311	21.2616	22.3075	23.7936	22.9188	25.4112",
	"2	0	1	22.4048	22.1229	22.3592	21.0361	22.8626	23.6334	24.3265	25.7078	24.4723	26.7157",
	"2	0	2	23.9081	23.7311	24.2494	23.2506	25.403	26.2617	27.2297	28.6725	27.5772	29.8445",
	"2	0	3	24.2805	23.788	24.0902	22.8595	25.0006	25.4603	26.4936	27.6512	26.5623	28.7855",
	"2	0	4	25.7218	25.0956	25.0859	23.4297	25.137	25.2821	25.849	26.6584	25.1511	27.0878",
	"2	0	5	28.0738	27.6455	27.8316	26.3609	28.1118	28.4403	28.9397	29.8118	28.1944	30.0162",
	"2	0	6	29.0472	28.5917	28.9272	27.6552	29.6777	29.9806	30.7756	31.6638	30.2415	32.1398",
	"2	0	7	29.4271	28.6794	28.7611	27.1948	29.0528	28.9661	29.6678	30.2243	28.7123	30.4824",
	"2	0	8	31.2548	30.4554	30.3631	28.5339	30.0975	29.8494	30.1853	30.495	28.6485	30.1605",
	"2	1	0	28.6342	26.3753	22.7799	21.3329	18.3226	16.987	16.4092	14.7495	16.1014",
	"2	1	1	30.6578	28.3529	24.8338	23.619	20.4964	19.4023	18.4718	16.923	17.9032",
	"2	1	2	33.3114	31.146	27.5727	26.3018	23.2965	22.0252	21.2524	19.4132	20.2518",
	"2	1	3	31.4252	29.5168	25.9199	24.8372	22.1578	21.1315	20.9569	19.4278	20.8668",
	"2	1	4	30.1068	28.2428	24.735	24.0489	21.4161	20.9056	20.7597	19.7487	21.4204",
	"2	1	5	33.432	31.5423	28.0747	27.4147	24.6763	24.1036	23.669	22.4719	23.7553",
	"2	1	6	34.826	33.1255	29.612	28.8931	26.3439	25.6363	25.4891	24.1208	25.4894",
	"2	1	7	32.5096	31.073	27.6323	27.2074	24.9896	24.6248	24.9257	23.9488	25.7873",
	"2	1	8	32.5687	31.1713	27.8421	27.7419	25.5477	25.5203	25.7626	25.088	26.9667",
	"2	2	0	0	3.77952	5.45852	5.1598	6.13879	8.64877	9.94517	10.4719	11.9085",
	"2	2	1	3.77952	0	3.77649	5.44059	5.15504	6.27579	8.64635	9.96969	10.7052",
	"2	2	2	5.45852	3.77649	0	3.79336	5.45944	5.26329	6.25014	8.52058	9.97129",
	"2	2	3	5.1598	5.44059	3.79336	0	3.77754	5.45013	5.19002	5.99009	8.14079",
	"2	2	4	6.13879	5.15504	5.45944	3.77754	0	3.79399	5.49662	5.38161	6.12596",
	"2	2	5	8.64877	6.27579	5.26329	5.45013	3.79399	0	3.76979	5.65951	5.67669",
	"2	2	6	9.94517	8.64635	6.25014	5.19002	5.49662	3.76979	0	3.79167	5.60032",
	"2	2	7	10.4719	9.96969	8.52058	5.99009	5.38161	5.65951	3.79167	0	3.7986",
	"2	2	8	11.9085	10.7052	9.97129	8.14079	6.12596	5.67669	5.60032	3.7986	0",
	"3	0	0	38.3449	37.2156	36.0179	33.127	33.0723	31.5531	30.2882	29.0165	26.0096	25.7711",
	"3	0	1	40.2252	39.1331	38.0107	35.2267	35.337	33.8389	32.7324	31.5065	28.6078	28.3977",
	"3	0	2	39.3816	38.2198	37.1413	34.4106	34.6383	33.0885	32.1783	30.973	28.2244	28.1362",
	"3	0	3	39.8311	38.5586	37.379	34.5012	34.563	32.8186	31.7598	30.3025	27.4413	27.165",
	"3	0	4	42.8947	41.6418	40.4286	37.5391	37.5772	35.765	34.6408	33.0666	30.1605	29.7122",
	"3	0	5	43.6407	42.4215	41.3254	38.5908	38.8439	37.112	36.2243	34.7956	32.0581	31.7685",
	"3	0	6	42.5163	41.1934	40.0889	37.3433	37.6009	35.7735	34.9703	33.4802	30.8383	30.5872",
	"3	0	7	44.251	42.8558	41.6382	38.7656	38.8631	36.8628	35.9	34.1731	31.4369	30.9676",
	"3	0	8	46.9337	45.5889	44.4015	41.5906	41.7602	39.7809	38.8572	37.1477	34.4329	33.9324",
	"3	1	0	28.6355	27.9372	25.7214	27.2955	26.1494	28.0291	28.8072	29.9222	32.4165",
	"3	1	1	30.9012	30.3338	28.0743	29.5847	28.4762	30.2475	31.1016	32.0489	34.5195",
	"3	1	2	30.0563	29.6212	27.29	28.7463	27.7646	29.471	30.5211	31.4194	34.0121",
	"3	1	3	28.7086	28.4918	26.3768	28.1224	27.3941	29.3296	30.5344	31.6846	34.4419",
	"3	1	4	31.0966	31.0325	29.059	30.933	30.3105	32.3233	33.5665	34.7363	37.4854",
	"3	1	5	32.8579	32.8365	30.7275	32.4197	31.7652	33.5812	34.8751	35.8285	38.5457",
	"3	1	6	31.113	31.2578	29.197	30.9376	30.4755	32.3142	33.7908	34.8139	37.6683",
	"3	1	7	31.1889	31.539	29.7218	31.7297	31.4948	33.5458	35.1367	36.3707	39.3346",
	"3	1	8	34.1164	34.5136	32.701	34.6807	34.4297	36.4357	38.0176	39.1548	42.0612",
	"3	2	0	21.8203	20.714	22.1716	20.6908	17.3959	18.1273	19.6983	17.6326	15.2934",
	"3	2	1	23.0862	21.9277	22.9474	21.3458	18.2182	18.6357	19.7741	17.6785	15.3983",
	"3	2	2	22.2947	21.4665	22.2726	20.3547	17.4832	18.1109	18.8802	16.5747	14.6468",
	"3	2	3	23.2828	22.6662	23.6944	21.6381	18.7182	19.6574	20.4901	17.9695	15.9493",
	"3	2	4	26.1003	25.3444	26.23	24.2057	21.2865	21.9621	22.664	20.1792	18.0175",
	"3	2	5	26.4146	25.7032	26.1723	24.0261	21.3902	21.8569	22.1136	19.6628	17.7321",
	"3	2	6	25.7936	25.4391	25.9168	23.5117	21.0486	21.8619	21.9506	19.2694	17.569",
	"3	2	7	27.9254	27.6454	28.3083	25.855	23.2946	24.2627	24.4559	21.6504	19.8406",
	"3	2	8	30.1796	29.7449	30.1701	27.7706	25.283	25.9394	25.942	23.2721	21.4441",
	"3	3	0	0	3.79402	5.56382	5.49174	6.79502	9.05966	10.1499	11.0513	12.8452",
	"3	3	1	3.79402	0	3.79783	5.4622	5.61072	6.74299	8.86882	10.2599	11.1501",
	"3	3	2	5.56382	3.79783	0	3.78166	5.55582	5.43467	6.3729	8.77915	10.1782",
	"3	3	3	5.49174	5.4622	3.78166	0	3.81121	5.46666	5.27107	6.47371	8.85841",
	"3	3	4	6.79502	5.61072	5.55582	3.81121	0	3.79009	5.44877	5.26982	6.37433",
	"3	3	5	9.05966	6.74299	5.43467	5.46666	3.79009	0	3.77218	5.42777	5.23314",
	"3	3	6	10.1499	8.86882	6.3729	5.27107	5.44877	3.77218	0	3.80299	5.50068",
	"3	3	7	11.0513	10.2599	8.77915	6.47371	5.26982	5.42777	3.80299	0	3.79093",
	"3	3	8	12.8452	11.1501	10.1782	8.85841	6.37433	5.23314	5.50068	3.79093	0",
	"4	0	0	47.2825	45.644	44.4344	41.726	42.0986	39.8643	39.4996	37.7118	35.6819	35.5138",
	"4	0	1	44.0351	42.3822	41.1134	38.3551	38.6804	36.397	36.0058	34.2453	32.2019	32.0989",
	"4	0	2	41.5552	39.8039	38.4643	35.7179	36.0276	33.6688	33.3552	31.599	29.7777	29.8095",
	"4	0	3	38.8126	37.0162	35.5472	32.6719	32.8015	30.3639	29.9075	28.0261	26.1426	26.153",
	"4	0	4	36.1071	34.2508	32.7746	29.995	30.2466	27.8225	27.6576	25.9472	24.3688	24.7172",
	"4	0	5	33.638	31.6885	30.033	27.1353	27.1635	24.5915	24.3433	22.5377	21.0709	21.4223",
	"4	0	6	30.8093	28.8049	27.1692	24.423	24.657	22.1735	22.3519	20.8716	19.9138	20.7662",
	"4	0	7	29.6155	27.4883	25.6192	22.824	22.7544	20.03	20.1996	18.5756	18.0188	18.9028",
	"4	0	8	26.2276	24.0792	22.1421	19.3255	19.2909	16.6467	17.0457	15.7858	15.5561	16.9618",
	"4	0	9	25.6405	23.597	21.9857	19.3333	19.8422	17.6458	18.3436	17.5238	17.1063	18.7376",
	"4	0	10	22.3416	20.3202	18.7364	16.1095	16.8648	15.0117	16.061	15.8315	15.7004	17.8653",
	"4	0	11	21.6344	19.4918	17.7317	15.3235	16.0362	14.0539	15.5477	15.4566	16.0791	18.3958",
	"4	0	12	23.5621	21.4917	20.0466	18.0108	19.0599	17.2491	18.8799	18.7375	19.3013	21.4453",
	"4	0	13	22.3616	20.4606	19.449	17.6821	19.2994	18.0445	19.9088	20.2224	20.647	23.0088",
	"4	1	0	33.0968	34.1327	32.5629	34.529	35.0198	36.8805	39.1896	40.3668	43.6047",
	"4	1	1	29.9027	30.803	29.1394	31.0787	31.5156	33.4176	35.7228	36.9588	40.2132",
	"4	1	2	27.0171	28.0035	26.3719	28.2718	28.9207	30.8234	33.3176	34.633	37.9865",
	"4	1	3	23.5641	24.4448	22.81	24.8191	25.5107	27.5829	30.0859	31.5851	34.9838",
	"4	1	4	21.571	22.4027	20.6388	22.405	23.2145	25.1104	27.7978	29.2377	32.6938",
	"4	1	5	18.0579	18.8541	17.1547	19.0106	20.0493	22.1149	24.931	26.6111	30.1333",
	"4	1	6	16.9529	17.5412	15.5918	16.9468	18.0387	19.7659	22.7535	24.2835	27.8219",
	"4	1	7	14.1313	14.8996	13.3039	14.6807	16.3507	18.2196	21.4404	23.2574	26.8223",
	"4	1	8	12.8914	12.9504	10.8411	11.6035	13.1266	14.7856	18.0677	19.8805	23.4454",
	"4	1	9	15.6879	15.438	12.85	13.2063	13.8789	15.0422	18.07	19.3795	22.8958",
	"4	1	10	15.8273	14.8947	11.8772	11.404	11.4306	12.0577	14.9819	16.0795	19.5689",
	"4	1	11	15.2408	14.4262	11.8163	10.9049	11.6123	11.9463	15.1908	16.3396	19.7639",
	"4	1	12	17.6383	17.2983	14.854	14.2122	14.9696	15.1403	18.2612	19.0473	22.3535",
	"4	1	13	20.2892	19.5822	16.7467	15.7223	15.6848	15.2961	17.9987	18.1767	21.3017",
	"4	2	0	32.9183	33.5184	33.6754	30.5624	28.8684	30.2862	29.5237	26.2952	25.3563",
	"4	2	1	29.8816	30.5449	30.8996	27.7931	26.0113	27.6304	27.0616	23.7821	22.8716",
	"4	2	2	28.5369	29.5788	30.0763	26.8289	25.2333	27.2606	26.7035	23.2998	22.731",
	"4	2	3	26.3764	27.4925	28.3606	25.2061	23.441	25.7406	25.5698	22.1763	21.5643",
	"4	2	4	24.8834	26.4123	27.3042	24.038	22.6141	25.2514	24.9888	21.5963	21.4305",
	"4	2	5	23.8761	25.6013	26.8656	23.7508	22.3212	25.2452	25.3329	22.0746	21.9864",
	"4	2	6	22.5049	24.6511	25.8871	22.7459	21.7618	24.9396	24.9126	21.7874	22.1683",
	"4	2	7	23.6913	26.0295	27.5278	24.5891	23.7179	27.0373	27.231	24.2904	24.7551",
	"4	2	8	21.6052	24.118	25.802	23.0866	22.387	25.8269	26.2177	23.556	24.184",
	"4	2	9	19.1483	21.7123	23.1248	20.223	19.6813	23.1111	23.2565	20.5416	21.3482",
	"4	2	10	16.8719	19.6277	21.2139	18.6058	18.2971	21.8092	22.167	19.8202	20.8253",
	"4	2	11	19.3023	22.2644	23.786	21.2829	21.2914	24.797	25.0393	22.8103	24.0008",
	"4	2	12	20.3633	23.4151	24.4788	21.6504	21.9319	25.3701	25.124	22.7131	24.1204",
	"4	2	13	17.7771	20.9119	21.6518	18.7832	19.4329	22.7889	22.2979	20.0522	21.7523",
	"4	3	0	20.8627	19.7329	18.1696	16.8025	15.7732	14.8752	13.5919	12.2958	11.8823",
	"4	3	1	18.2374	17.3658	15.679	14.3128	13.7659	13.097	11.6578	10.7415	11.1291",
	"4	3	2	18.9436	18.5371	16.5673	15.1857	15.4291	15.0212	13.0284	12.5627	13.7355",
	"4	3	3	17.1918	17.302	15.3469	13.8933	14.7674	14.9496	12.8313	12.6282	14.5354",
	"4	3	4	18.9141	19.304	17.262	16.0548	17.4377	17.6476	15.4853	15.5723	17.6717",
	"4	3	5	19.3776	20.2853	18.4374	17.1905	18.9925	19.6489	17.5256	17.6806	20.1045",
	"4	3	6	21.4964	22.5405	20.6591	19.6555	21.7443	22.3144	20.1889	20.6075	23.0992",
	"4	3	7	23.8351	25.1715	23.4759	22.3813	24.5583	25.37	23.2651	23.5853	26.1711",
	"4	3	8	24.225	25.8047	24.2716	23.3762	25.8142	26.7447	24.7916	25.3397	28.0586",
	"4	3	9	22.7865	24.1572	22.4682	21.8291	24.3425	25.0155	23.0952	23.9105	26.5685",
	"4	3	10	23.3681	24.9688	23.4836	23.0464	25.7456	26.5327	24.7947	25.7984	28.531",
	"4	3	11	26.6969	28.2358	26.7481	26.2427	28.8892	29.6517	27.8232	28.7334	31.4418",
	"4	3	12	27.5477	28.799	26.994	26.5483	29.0657	29.5083	27.5432	28.4758	31.0233",
	"4	3	13	26.8952	28.0287	26.2264	25.979	28.5729	28.8369	26.9854	28.1572	30.6376",
	"4	4	0	0	3.78559	6.66584	9.98054	12.8375	16.2836	19.2063	22.3666	25.2038	24.0035	26.8371	28.965	27.622	27.7363",
	"4	4	1	3.78559	0	3.76885	6.61727	9.70252	13.0625	16.0984	19.3083	21.9988	20.7907	23.562	25.8011	24.6862	24.8259",
	"4	4	2	6.66584	3.76885	0	3.79314	6.32612	9.81611	12.7278	15.9119	18.7338	17.6364	20.5903	22.6058	21.4033	21.7936",
	"4	4	3	9.98054	6.61727	3.79314	0	3.75251	6.67175	9.95702	13.0496	15.7132	14.8083	17.6944	19.8079	19.0321	19.6318",
	"4	4	4	12.8375	9.70252	6.32612	3.75251	0	3.7774	6.5669	9.84548	12.5818	11.6179	14.7102	16.5886	15.5968	16.3674",
	"4	4	5	16.2836	13.0625	9.81611	6.67175	3.7774	0	3.76714	6.56267	9.25711	8.88928	12.0451	13.785	13.3041	14.5767",
	"4	4	6	19.2063	16.0984	12.7278	9.95702	6.5669	3.76714	0	3.81033	6.29899	5.71514	9.12425	10.4792	9.73963	11.2369",
	"4	4	7	22.3666	19.3083	15.9119	13.0496	9.84548	6.56267	3.81033	0	3.82911	5.45338	8.50112	8.86841	8.6872	11.1493",
	"4	4	8	25.2038	21.9988	18.7338	15.7132	12.5818	9.25711	6.29899	3.82911	0	3.80113	5.71279	5.74049	6.73707	9.27252",
	"4	4	9	24.0035	20.7907	17.6364	14.8083	11.6179	8.88928	5.71514	5.45338	3.80113	0	3.81097	5.58362	5.65725	6.93143",
	"4	4	10	26.8371	23.562	20.5903	17.6944	14.7102	12.0451	9.12425	8.50112	5.71279	3.81097	0	3.79991	5.60921	5.97463",
	"4	4	11	28.965	25.8011	22.6058	19.8079	16.5886	13.785	10.4792	8.86841	5.74049	5.58362	3.79991	0	3.80773	5.78535",
	"4	4	12	27.622	24.6862	21.4033	19.0321	15.5968	13.3041	9.73963	8.6872	6.73707	5.65725	5.60921	3.80773	0	3.78897",
	"4	4	13	27.7363	24.8259	21.7936	19.6318	16.3674	14.5767	11.2369	11.1493	9.27252	6.93143	5.97463	5.78535	3.78897	0",
	"5	0	0	18.0865	16.1289	14.3098	11.1667	11.4821	10.0475	10.7839	11.3908	11.1914	14.0929",
	"5	0	1	16.7614	15.0917	13.5217	10.4343	10.8107	10.2599	10.7676	12.0107	11.5357	14.5219",
	"5	0	2	15.2815	13.8003	12.828	10.4286	11.9476	12.1794	13.4433	15.1061	14.9278	17.9552",
	"5	0	3	17.2046	16.0333	15.5645	13.507	15.1402	15.5356	16.5544	18.0101	17.3516	20.1329",
	"5	0	4	18.8466	17.6761	17.192	15.2292	17.0214	17.0457	18.1745	19.3141	18.6054	21.2284",
	"5	0	5	19.8521	18.4479	17.6602	15.4319	16.9612	16.4922	17.5242	18.3491	17.6234	20.103",
	"5	0	6	22.3382	20.9184	20.2194	17.904	19.2317	18.5539	19.2407	19.6517	18.4984	20.671",
	"5	0	7	23.2854	21.9849	21.5192	19.4644	21.1136	20.6229	21.5363	22.0459	20.9694	23.1657",
	"5	0	8	23.0016	21.7077	21.2147	19.3391	21.1771	20.618	21.8166	22.381	21.6052	23.8561",
	"5	0	9	24.6163	23.1349	22.4419	20.3606	21.9181	20.9496	21.9744	22.1694	21.3069	23.3366",
	"5	0	10	26.9229	25.4581	24.8787	22.7803	24.3011	23.3194	24.1669	24.1655	23.0259	24.8502",
	"5	0	11	27.4328	26.1012	25.6671	23.8248	25.6126	24.784	25.8833	26.043	25.0901	27.0185",
	"5	0	12	27.7759	26.3762	25.8333	24.0501	25.8263	24.8162	26.0399	26.1262	25.3789	27.2599",
	"5	0	13	29.9766	28.4471	27.7961	25.8171	27.3411	26.0559	27.032	26.7679	25.8191	27.4285",
	"5	0	14	31.7832	30.3334	29.8113	27.891	29.5079	28.3311	29.2859	29.0193	27.946	29.5108",
	"5	0	15	32.1239	30.7725	30.3249	28.6275	30.425	29.3262	30.5061	30.373	29.5203	31.176",
	"5	0	16	33.2267	31.763	31.1859	29.4423	31.1038	29.7757	30.9334	30.6212	29.848	31.3632",
	"5	0	17	35.5217	33.9983	33.403	31.5209	33.05	31.6119	32.5643	32.0287	31.0303	32.3416",
	"5	0	18	36.8109	35.4016	34.9311	33.1787	34.8638	33.5733	34.6166	34.1882	33.2007	34.5786",
	"5	0	19	37.2755	35.8956	35.4275	33.8252	35.581	34.273	35.4731	35.0976	34.314	35.7241",
	"5	1	0	15.255	12.9465	9.35568	7.77416	5.81481	6.20148	8.5598	10.1362	13.7134",
	"5	1	1	17.533	14.8263	11.3456	9.57064	6.45374	6.00102	6.70748	7.9907	11.3257",
	"5	1	2	20.5221	17.9753	14.4462	12.415	9.39779	7.82617	8.04147	7.56838	10.5566",
	"5	1	3	22.9592	20.5678	17.0288	15.4632	12.4989	11.2554	11.0255	10.1062	12.3868",
	"5	1	4	23.2975	21.2017	17.5791	16.2465	13.6852	12.7197	13.186	12.3812	14.8497",
	"5	1	5	21.7016	19.7586	16.1357	14.9532	12.7154	12.1722	13.2801	13.066	15.9461",
	"5	1	6	22.0201	20.3791	16.865	16.2858	14.3326	14.3207	15.4345	15.4297	18.2341",
	"5	1	7	24.1724	22.6828	19.1928	18.6046	16.7006	16.4117	17.4176	17.0048	19.6119",
	"5	1	8	24.3365	22.9257	19.4275	18.6472	16.9455	16.4947	17.8397	17.3465	20.0533",
	"5	1	9	23.1657	22.0469	18.6744	18.2156	16.9558	16.9611	18.7309	18.6819	21.6164",
	"5	1	10	24.5275	23.6547	20.4085	20.3313	19.1581	19.3486	20.9706	20.91	23.7553",
	"5	1	11	26.48	25.6346	22.3701	22.1249	20.9347	20.8427	22.4356	22.074	24.7962",
	"5	1	12	26.167	25.47	22.2957	21.9912	21.1001	21.0435	22.9833	22.7457	25.5982",
	"5	1	13	25.8417	25.4787	22.5028	22.6141	22.0473	22.3894	24.4924	24.558	27.5288",
	"5	1	14	27.9669	27.6801	24.7317	24.963	24.3092	24.6105	26.5327	26.4511	29.3148",
	"5	1	15	29.4326	29.1394	26.1805	26.2116	25.5865	25.6773	27.6647	27.4088	30.2117",
	"5	1	16	29.043	28.9896	26.2094	26.3418	26.0499	26.3127	28.5811	28.5391	31.4723",
	"5	1	17	29.8295	30.0069	27.3688	27.8304	27.6516	28.151	30.3981	30.486	33.4537",
	"5	1	18	32.1747	32.3082	29.6179	30.0195	29.7092	30.0563	32.1658	32.0562	34.9118",
	"5	1	19	33.0366	33.2118	30.568	30.8266	30.6361	30.8836	33.1353	32.9856	35.8408",
	"5	2	0	14.2231	16.735	19.1383	17.4813	16.9424	20.3932	21.6596	20.0704	20.8284",
	"5	2	1	12.4488	14.6389	17.3802	16.3096	15.6727	18.9133	20.6042	19.4949	20.101",
	"5	2	2	9.73048	12.3482	14.7211	13.6992	13.703	16.9046	18.2938	17.4665	18.5106",
	"5	2	3	6.99257	9.39142	11.728	10.8157	10.7813	13.8446	15.3188	14.6497	15.6151",
	"5	2	4	6.41645	9.30341	11.0952	9.30775	9.4228	12.8323	13.808	12.8195	13.9816",
	"5	2	5	8.66004	11.246	12.8898	10.5864	10.3461	13.878	14.655	13.0842	14.1718",
	"5	2	6	9.20001	11.2925	12.6682	10.1247	9.5489	12.9068	13.5386	11.4735	12.4728",
	"5	2	7	8.38721	10.5093	11.3984	8.44842	8.06726	11.5316	11.7594	9.65361	10.9391",
	"5	2	8	9.72871	12.287	12.8232	9.62822	9.93825	13.2967	13	10.9397	12.4719",
	"5	2	9	12.1823	14.4297	14.9562	11.6794	11.5731	14.761	14.3266	11.6943	13.068",
	"5	2	10	12.9007	14.7427	14.9932	11.6099	11.2089	14.1391	13.4878	10.4687	11.7465",
	"5	2	11	13.1827	15.1687	14.9209	11.3103	11.5212	14.2849	13.0488	10.2477	11.9276",
	"5	2	12	15.216	17.3999	17.2065	13.6364	13.9223	16.6852	15.3915	12.6458	14.2308",
	"5	2	13	17.2173	19.1177	18.9557	15.4049	15.2876	17.8608	16.5615	13.4154	14.7594",
	"5	2	14	17.8295	19.4892	19.0062	15.4208	15.3138	17.5612	15.9544	12.7374	13.9811",
	"5	2	15	18.8636	20.7203	19.9997	16.3866	16.7168	18.899	16.989	14.1405	15.6195",
	"5	2	16	21.0302	22.9374	22.3664	18.7641	18.9355	21.1738	19.3641	16.3917	17.7738",
	"5	2	17	22.5269	24.1698	23.5472	19.976	19.8881	21.8995	20.0599	16.8669	17.9692",
	"5	2	18	23.2487	24.8044	23.8816	20.3394	20.4541	22.1966	20.0692	17.086	18.1681",
	"5	2	19	24.7594	26.5074	25.5568	22.0038	22.3236	24.1476	21.9544	19.1644	20.4198",
	"5	3	0	23.3519	25.4097	24.3962	24.1623	27.1384	28.2719	26.8741	28.0784	30.9601",
	"5	3	1	23.0985	25.2815	24.5164	24.4758	27.5259	28.7367	27.5744	28.9352	31.8074",
	"5	3	2	23.8928	25.8233	24.9291	25.1708	28.2306	29.1369	28.0068	29.6084	32.3578",
	"5	3	3	22.2945	24.112	23.2573	23.6665	26.7085	27.4978	26.4928	28.2408	30.9024",
	"5	3	4	21.2939	22.848	21.8247	22.2289	25.143	25.7317	24.6718	26.4023	28.9528",
	"5	3	5	20.4434	21.9407	20.6553	21.0088	24.0197	24.5498	23.3116	25.0708	27.6752",
	"5	3	6	18.4291	19.8622	18.5123	18.8629	21.8761	22.3915	21.1426	22.9156	25.5279",
	"5	3	7	18.7957	19.9379	18.6243	19.0592	21.8374	22.1353	20.9695	22.7328	25.1638",
	"5	3	8	20.3857	21.3383	19.812	20.1882	22.8807	22.9829	21.6515	23.3756	25.7329",
	"5	3	9	19.7107	20.5638	18.7596	19.0754	21.8063	21.8248	20.2981	22.0287	24.4167",
	"5	3	10	18.3427	18.9795	17.1562	17.4964	20.064	19.9823	18.5241	20.2147	22.5124",
	"5	3	11	20.0829	20.4552	18.6958	19.0617	21.3369	21.0123	19.6053	21.2189	23.2754",
	"5	3	12	21.4211	21.6985	19.6957	19.9793	22.2336	21.7595	20.1279	21.7163	23.7318",
	"5	3	13	20.5257	20.66	18.458	18.6599	20.8188	20.2588	18.5204	20.0386	22.0174",
	"5	3	14	20.3935	20.2339	18.1418	18.3857	20.2154	19.4675	17.902	19.3197	21.06",
	"5	3	15	22.728	22.4624	20.411	20.6393	22.2964	21.3927	19.8049	21.1429	22.6757",
	"5	3	16	23.6054	23.2772	21.0031	21.1449	22.775	21.7626	19.9789	21.2815	22.7593",
	"5	3	17	22.8722	22.3493	20.0183	20.0595	21.4277	20.2948	18.5436	19.6861	21.0016",
	"5	3	18	24.0609	23.3372	21.1988	21.2944	22.3654	21.0759	19.5237	20.5671	21.5804",
	"5	3	19	26.3031	25.5715	23.3816	23.4648	24.5171	23.1622	21.5059	22.5183	23.4362",
	"5	4	0	31.2577	27.8266	25.2696	22.1086	19.6969	16.931	14.7203	13.8766	10.7656	10.2445	7.44043	8.77539	11.6569	11.5652",
	"5	4	1	33.0722	29.6239	27.3512	24.206	22.0944	19.5247	17.6439	17.0976	14.121	13.3994	10.6027	12.136	14.8893	14.3022",
	"5	4	2	33.4996	30.1482	27.9506	25.0782	22.8804	20.6544	18.5644	18.3801	15.4599	14.0926	11.0541	12.6237	14.8666	13.4791",
	"5	4	3	32.564	29.3015	27.3825	24.7101	22.7825	20.9713	19.1916	19.5881	17.0668	15.2028	12.4945	14.6352	16.3894	14.4976",
	"5	4	4	30.22	26.9909	25.0839	22.579	20.6072	19.0819	17.3295	18.148	15.9142	13.6045	11.2856	13.733	14.9857	12.863",
	"5	4	5	28.6934	25.4426	23.3907	20.8449	18.7699	17.1806	15.373	16.1717	14.0051	11.6751	9.43745	12.0257	13.257	11.3214",
	"5	4	6	26.7353	23.5269	21.5978	19.112	17.2691	15.9223	14.4899	15.7331	14.069	11.5627	9.96623	12.9616	13.8569	11.9494",
	"5	4	7	26.0707	22.9938	21.2197	19.0716	17.2895	16.4179	15.0136	16.6587	15.2879	12.4205	11.1585	14.0555	14.3714	12.0283",
	"5	4	8	25.8144	22.7766	20.8237	18.823	16.7565	15.9931	14.3271	16.0207	14.6806	11.6471	10.5376	13.1649	13.1012	10.5593",
	"5	4	9	24.1182	21.0944	18.9798	16.9716	14.7952	14.0234	12.3355	14.1583	13.1043	9.96751	9.36445	12.1801	11.8907	9.66503",
	"5	4	10	22.2758	19.3419	17.4474	15.6835	13.8659	13.6658	12.5387	14.8901	14.4402	11.3167	11.3295	14.1651	13.5558	11.4329",
	"5	4	11	22.3737	19.6402	17.8307	16.5085	14.6392	14.8585	13.6238	16.123	15.809	12.5703	12.7139	15.2306	14.1839	11.7924",
	"5	4	12	22.0113	19.3554	17.3245	16.1495	14.0134	14.2911	12.8109	15.2586	15.0495	11.7976	12.2172	14.4003	12.9372	10.5291",
	"5	4	13	19.9164	17.3083	15.1878	14.1061	12.002	12.5927	11.4593	14.3119	14.7047	11.5534	12.6922	14.9737	13.3714	11.5573",
	"5	4	14	18.8427	16.4715	14.7438	14.2073	12.6305	13.8712	13.2258	16.2533	16.9073	13.8377	15.0002	17.2662	15.5603	13.6887",
	"5	4	15	19.603	17.4976	15.7657	15.6169	13.9163	15.3125	14.4582	17.3865	18.0256	14.9602	16.1061	18.0338	16.0138	13.9797",
	"5	4	16	18.9271	16.9704	15.034	15.0437	13.1322	14.6001	13.6496	16.5698	17.5078	14.5991	16.1565	17.8166	15.4822	13.8147",
	"5	4	17	16.8248	15.0273	13.2552	13.6915	12.2193	14.2987	13.9939	17.1923	18.5792	15.8269	17.6808	19.496	17.2411	15.8686",
	"5	4	18	17.2108	15.8371	14.5333	15.4399	14.334	16.5893	16.3632	19.5107	20.8637	18.0809	19.7856	21.5553	19.2309	17.6685",
	"5	4	19	18.2534	17.1399	15.7304	16.8121	15.5033	17.6945	17.2231	20.1909	21.5353	18.8351	20.5762	22.0162	19.434	17.9074",
	"5	5	0	0	3.82154	5.74181	8.38317	8.76604	7.5835	9.2145	11.3203	11.5314	11.669	13.8234	15.472	15.8438	16.9437	19.0411	20.3376	21.0623	22.6667	24.5772	25.63",
	"5	5	1	3.82154	0	3.7575	6.42495	7.88616	7.63527	9.49648	11.585	12.1885	12.9554	15.0215	16.6349	17.3512	18.7104	20.6598	21.9765	22.9753	24.6244	26.4092	27.5511",
	"5	5	2	5.74181	3.7575	0	3.84592	5.57722	6.05107	8.29707	9.85275	10.4168	11.7365	13.7838	15.0861	15.9863	17.6767	19.4552	20.6293	21.8771	23.6431	25.2223	26.3631",
	"5	5	3	8.38317	6.42495	3.84592	0	3.83619	5.69777	6.82691	7.75619	9.21488	10.951	12.3216	13.6013	15.1348	16.7701	18.1101	19.507	21.1202	22.6292	23.9928	25.4459",
	"5	5	4	8.76604	7.88616	5.57722	3.83619	0	3.81836	5.65734	5.42281	5.96239	8.45608	10.0103	10.5986	12.0641	14.1713	15.3838	16.3881	18.182	19.9381	21.0682	22.3518",
	"5	5	5	7.5835	7.63527	6.05107	5.69777	3.81836	0	3.7976	5.60876	5.26116	6.11432	8.63112	10.0315	10.5801	12.2472	14.2547	15.3971	16.4827	18.3124	20.0095	21.0878",
	"5	5	6	9.2145	9.49648	8.29707	6.82691	5.65734	3.7976	0	3.81442	5.51727	5.22623	6.28999	8.77806	10.0403	10.7282	12.4195	14.3941	15.5265	16.6452	18.4844	20.115",
	"5	5	7	11.3203	11.585	9.85275	7.75619	5.42281	5.60876	3.81442	0	3.79078	5.42391	5.13255	6.26702	8.64714	9.95693	10.6342	12.3715	14.3273	15.4268	16.5762	18.3959",
	"5	5	8	11.5314	12.1885	10.4168	9.21488	5.96239	5.26116	5.51727	3.79078	0	3.78424	5.39715	5.13479	6.16451	8.59916	9.87159	10.5847	12.316	14.2409	15.3745	16.5053",
	"5	5	9	11.669	12.9554	11.7365	10.951	8.45608	6.11432	5.22623	5.42391	3.78424	0	3.76888	5.46831	5.15995	6.18136	8.58875	9.92538	10.6258	12.3021	14.2644	15.3873",
	"5	5	10	13.8234	15.0215	13.7838	12.3216	10.0103	8.63112	6.28999	5.13255	5.39715	3.76888	0	3.82435	5.45806	5.18271	6.19567	8.65324	9.97452	10.6303	12.3249	14.2667",
	"5	5	11	15.472	16.6349	15.0861	13.6013	10.5986	10.0315	8.77806	6.26702	5.13479	5.46831	3.82435	0	3.76438	5.45119	5.11024	6.17239	8.63157	9.91058	10.5842	12.2624",
	"5	5	12	15.8438	17.3512	15.9863	15.1348	12.0641	10.5801	10.0403	8.64714	6.16451	5.15995	5.45806	3.76438	0	3.78799	5.39115	5.10987	6.20273	8.60635	9.91362	10.5816",
	"5	5	13	16.9437	18.7104	17.6767	16.7701	14.1713	12.2472	10.7282	9.95693	8.59916	6.18136	5.18271	5.45119	3.78799	0	3.77154	5.43098	5.13905	6.16971	8.60409	9.88702",
	"5	5	14	19.0411	20.6598	19.4552	18.1101	15.3838	14.2547	12.4195	10.6342	9.87159	8.58875	6.19567	5.11024	5.39115	3.77154	0	3.78712	5.43862	5.13637	6.17364	8.56481",
	"5	5	15	20.3376	21.9765	20.6293	19.507	16.3881	15.3971	14.3941	12.3715	10.5847	9.92538	8.65324	6.17239	5.10987	5.43098	3.78712	0	3.78716	5.43646	5.15955	6.13874",
	"5	5	16	21.0623	22.9753	21.8771	21.1202	18.182	16.4827	15.5265	14.3273	12.316	10.6258	9.97452	8.63157	6.20273	5.13905	5.43862	3.78716	0	3.77556	5.45253	5.12117",
	"5	5	17	22.6667	24.6244	23.6431	22.6292	19.9381	18.3124	16.6452	15.4268	14.2409	12.3021	10.6303	9.91058	8.60635	6.16971	5.13637	5.43646	3.77556	0	3.78208	5.40178",
	"5	5	18	24.5772	26.4092	25.2223	23.9928	21.0682	20.0095	18.4844	16.5762	15.3745	14.2644	12.3249	10.5842	9.91362	8.60409	6.17364	5.15955	5.45253	3.78208	0	3.7666",
	"5	5	19	25.63	27.5511	26.3631	25.4459	22.3518	21.0878	20.115	18.3959	16.5053	15.3873	14.2667	12.2624	10.5816	9.88702	8.56481	6.13874	5.12117	5.40178	3.7666	0",
	"6	0	0	38.364	36.9821	36.165	33.7815	34.7646	33.1483	33.248	32.2751	30.3723	31.0419",
	"6	0	1	36.2496	34.8673	33.9419	31.3987	32.1889	30.5669	30.4425	29.4409	27.3534	27.975",
	"6	0	2	32.7031	31.2596	30.2866	27.7309	28.5522	26.9732	26.9781	26.1331	24.2176	25.1152",
	"6	0	3	30.3959	28.9296	27.8189	25.0757	25.6541	24.0747	23.8383	22.9956	20.9091	21.837",
	"6	0	4	27.3452	25.742	24.5465	21.8034	22.4572	20.859	20.9	20.2447	18.5405	19.8726",
	"6	0	5	28.6163	26.8135	25.3868	22.5719	23.0166	20.976	21.0253	19.9633	18.4716	19.5886",
	"6	0	6	32.0518	30.3104	28.8579	25.9415	26.168	23.9997	23.6469	22.217	20.2784	20.839",
	"6	0	7	34.3232	32.6462	31.3925	28.6802	29.1974	27.1545	27.0428	25.7328	23.9116	24.4966",
	"6	0	8	37.9245	36.295	35.0691	32.3398	32.8034	30.7161	30.4393	28.9583	26.9389	27.218",
	"6	0	9	40.0348	38.4462	37.3703	34.8319	35.5352	33.5349	33.5034	32.1406	30.2997	30.6797",
	"6	0	10	43.5256	41.9766	40.9228	38.4019	39.0779	37.0431	36.9298	35.471	33.5396	33.7244",
	"6	0	11	45.3994	43.7833	42.7329	40.2674	40.9539	38.8347	38.8052	37.2769	35.4895	35.6307",
	"6	0	12	47.6172	46.0504	45.071	42.7041	43.483	41.395	41.4605	39.9822	38.2754	38.4255",
	"6	0	13	47.5458	45.942	44.9427	42.6201	43.4534	41.3505	41.5289	40.0806	38.5252	38.765",
	"6	1	0	30.1327	30.1993	27.6546	28.7643	28.2985	29.4583	31.3133	31.8067	34.7635",
	"6	1	1	27.7608	27.6019	24.9955	26.1604	25.5315	26.8372	28.5491	29.1956	32.1497",
	"6	1	2	24.9501	24.5717	21.7808	22.7247	22.0118	23.2106	24.9747	25.6273	28.6495",
	"6	1	3	22.4738	21.7788	18.8954	19.8478	18.9271	20.2893	21.8967	22.766	25.8054",
	"6	1	4	20.0864	19.2242	16.1419	16.767	15.8886	17.0903	18.947	19.8487	23.0472",
	"6	1	5	18.2566	17.9344	15.1932	16.2026	16.1479	17.6894	20.1082	21.3527	24.7689",
	"6	1	6	19.6932	19.6944	17.3105	18.8526	18.9115	20.7971	23.0766	24.47	27.8329",
	"6	1	7	22.9633	23.1588	20.8027	22.203	22.2339	23.8508	26.1185	27.2073	30.4927",
	"6	1	8	25.7012	26.1172	23.9795	25.6141	25.7	27.4368	29.6302	30.7343	33.9708",
	"6	1	9	28.723	29.269	27.1243	28.6008	28.7112	30.2219	32.4634	33.3391	36.5274",
	"6	1	10	31.7648	32.4578	30.4522	32.0312	32.1895	33.7604	35.9753	36.8511	40.0013",
	"6	1	11	33.0429	33.9766	32.134	33.7431	34.1377	35.7053	38.0739	38.9799	42.1915",
	"6	1	12	35.7545	36.7156	34.8854	36.4012	36.7974	38.2769	40.665	41.4711	44.6384",
	"6	1	13	35.7572	36.7486	34.9352	36.3897	36.8766	38.2942	40.7893	41.574	44.761",
	"6	2	0	22.3395	22.9092	22.7457	19.5407	18.075	19.5213	18.4971	15.215	14.6779",
	"6	2	1	20.0837	20.5082	20.7957	17.7485	15.8281	17.4858	17.0568	13.7556	12.9184",
	"6	2	2	17.3276	18.1666	18.7586	15.6009	13.7979	16.0769	15.8797	12.5306	12.1372",
	"6	2	3	15.492	16.2948	17.5505	14.7211	12.5167	15.1405	15.7193	12.6431	12.0535",
	"6	2	4	14.2551	15.7793	17.2457	14.3492	12.7009	15.8627	16.4303	13.541	13.605",
	"6	2	5	17.4914	19.3106	20.6882	17.6449	16.2786	19.452	19.7401	16.6934	16.883",
	"6	2	6	19.622	20.9122	22.2354	19.2317	17.3794	20.1742	20.5177	17.2965	16.9266",
	"6	2	7	20.8821	22.0869	22.8564	19.6201	17.9945	20.4689	20.2409	16.8465	16.5494",
	"6	2	8	23.6074	24.4482	25.0173	21.843	20.0352	22.0633	21.7052	18.3048	17.6278",
	"6	2	9	25.475	26.3595	26.4709	23.1664	21.7145	23.4932	22.6091	19.2303	18.7693",
	"6	2	10	28.519	29.1856	29.1174	25.8932	24.4054	25.8414	24.8291	21.5795	20.9323",
	"6	2	11	30.9931	31.8603	31.6946	28.3725	27.1027	28.6063	27.4035	24.1466	23.7189",
	"6	2	12	33.2207	34.0643	33.6822	30.3623	29.2475	30.5803	29.1579	26.032	25.7225",
	"6	2	13	33.7196	34.7262	34.3173	30.9374	29.9845	31.4343	29.9324	26.8047	26.723",
	"6	3	0	15.4525	14.4482	12.3552	12.1591	12.9372	11.7857	10.4145	11.324	12.6283",
	"6	3	1	12.4069	11.8186	9.79785	9.65235	11.0653	10.5971	9.34288	10.4518	12.4151",
	"6	3	2	13.0518	13.2325	11.2538	11.1867	13.3084	13.3137	11.9251	13.2037	15.5033",
	"6	3	3	11.8492	12.8627	11.3037	11.169	13.7831	14.4969	13.2921	14.5618	17.1733",
	"6	3	4	14.9793	16.2974	14.7594	14.5373	17.2665	17.9963	16.5683	17.8056	20.496",
	"6	3	5	16.9242	18.1223	16.356	15.7608	18.2469	18.9247	17.1599	18.0513	20.7246",
	"6	3	6	14.4245	15.4046	13.5383	12.7096	14.9406	15.6936	13.9364	14.5972	17.2492",
	"6	3	7	15.0537	15.3201	13.1489	12.4605	14.2198	14.3048	12.4747	13.154	15.4428",
	"6	3	8	14.5698	14.2546	12.0961	11.2184	12.1876	11.9034	10.2078	10.4981	12.3812",
	"6	3	9	17.2288	16.4363	14.2476	13.4786	13.9407	12.9912	11.2814	11.4552	12.6392",
	"6	3	10	18.5366	17.3185	15.263	14.405	14.1176	12.7897	11.2319	10.9638	11.3194",
	"6	3	11	21.5329	20.3533	18.1055	17.169	16.8882	15.3884	13.5002	13.2102	13.2904",
	"6	3	12	23.9365	22.4687	20.3151	19.6388	19.0983	17.3481	15.7612	15.5088	15.0446",
	"6	3	13	25.4199	23.9769	21.8609	21.3607	20.9313	19.2565	17.7921	17.6673	17.2728",
	"6	4	0	12.2489	9.96204	10.0353	10.5341	11.4636	14.1158	15.6901	19.2163	20.7384	18.3374	20.1655	22.8654	21.7216	20.6635",
	"6	4	1	13.9871	11.101	10.8743	10.1176	10.9877	12.9158	14.562	17.9179	19.0898	16.7812	18.3362	21.2858	20.6598	19.6815",
	"6	4	2	16.5187	13.3538	12.1751	10.4779	10.2031	11.1858	12.1581	15.3259	16.0547	13.5948	14.8904	17.9308	17.5089	16.4722",
	"6	4	3	19.166	15.8165	14.4572	11.9816	11.4451	11.258	11.9638	14.5607	14.6885	12.4916	13.2512	16.5031	16.7995	15.9277",
	"6	4	4	21.3479	17.9597	15.9732	13.2207	11.6811	10.5535	10.1718	12.2597	11.7925	9.44434	9.83483	13.1215	13.6117	12.7773",
	"6	4	5	20.0205	16.6196	14.0702	11.1097	8.91884	7.25918	6.69417	9.01693	9.24852	7.13498	8.81269	11.6788	11.7646	11.7212",
	"6	4	6	17.0632	13.56	11.3401	8.21159	7.11711	6.50116	7.97909	10.7867	11.8874	10.3017	12.2652	15.0335	15.0195	15.1264",
	"6	4	7	14.2735	10.8911	8.80047	6.5887	5.99508	7.48261	9.21664	12.6145	14.2058	12.248	14.4741	17.0995	16.3927	16.1723",
	"6	4	8	10.9988	7.60399	6.43023	5.46645	7.03131	9.68467	12.1157	15.5056	17.4661	15.713	18.0501	20.6209	19.7853	19.5916",
	"6	4	9	9.15515	6.5438	5.9871	7.32517	8.7136	11.994	14.0882	17.5817	19.7466	17.8176	20.2784	22.6391	21.3041	20.9128",
	"6	4	10	6.81566	5.58972	7.0232	9.59978	11.6296	15.0523	17.3496	20.7563	23.1026	21.2999	23.8309	26.1396	24.7131	24.3389",
	"6	4	11	6.57171	6.99016	7.80419	11.0483	12.7632	16.2834	18.4271	21.7117	24.3255	22.654	25.3947	27.4286	25.7119	25.5026",
	"6	4	12	8.16779	9.61285	10.7513	14.011	15.5475	19.0286	21.0135	24.2344	26.8744	25.1826	27.9161	29.8289	27.9312	27.6449",
	"6	4	13	9.57048	10.9399	11.559	14.6448	15.7648	19.1576	20.9055	24.0299	26.6929	25.0312	27.8009	29.5349	27.4821	27.2509",
	"6	5	0	23.6708	24.9439	24.578	23.0975	20.4757	19.1871	17.1918	16.0099	15.7381	14.4424	12.3198	12.1722	12.2585	10.7295	9.16823	10.5406	10.961	9.3565	9.84901	12.0459",
	"6	5	1	21.1115	22.1559	22.0321	20.5651	18.1277	16.8679	14.8174	13.9363	14.0606	12.9075	10.8217	11.3773	11.9514	10.6151	9.58405	11.6113	12.3536	11.2336	12.2259	14.4756",
	"6	5	2	17.4882	18.6123	18.4916	17.2046	14.7501	13.3817	11.393	10.713	10.7812	9.6204	7.6411	8.78834	9.50962	8.35043	8.09477	10.4784	11.3697	10.9012	12.4026	14.5373",
	"6	5	3	14.71	15.5559	15.8113	14.6534	12.5795	11.2596	9.21006	9.30137	10.0114	9.07106	7.63775	9.71153	10.81	10.0877	10.6307	13.025	13.9892	13.9715	15.6487	17.6787",
	"6	5	4	11.4184	12.6735	12.9475	12.2795	10.1522	8.64646	6.82914	7.5107	7.92536	6.74272	6.31254	8.73887	9.57974	9.20823	10.6231	12.7792	13.6149	14.1834	16.1015	17.8327",
	"6	5	5	12.028	14.16	14.8254	14.8166	12.7374	10.9288	9.57088	10.2304	9.9823	8.16242	8.15025	10.0107	9.99691	8.97193	10.8087	12.6911	12.8421	13.3154	15.5534	16.9936",
	"6	5	6	15.1841	17.0096	17.8723	17.5446	15.5129	13.7822	12.0767	12.5425	12.5623	10.8598	10.0159	11.7524	11.8795	10.3865	11.481	13.545	13.6315	13.3658	15.5223	17.1833",
	"6	5	7	18.1167	19.9355	20.3225	19.6502	17.289	15.5996	13.779	13.5503	13.2524	11.5229	10.082	11.0975	11.0075	9.11958	9.47449	11.4069	11.3836	10.5106	12.5592	14.3253",
	"6	5	8	21.6963	23.3782	23.775	22.8961	20.5355	18.9408	16.9937	16.5689	16.3927	14.7333	13.01	13.6947	13.6091	11.665	11.2534	12.9198	12.813	11.3128	12.8666	14.6711",
	"6	5	9	24.4364	26.2023	26.2669	25.2619	22.7013	21.1354	19.2238	18.4206	17.953	16.2714	14.4141	14.4688	14.068	12.0449	11.065	12.1198	11.7556	9.79472	10.8544	12.4602",
	"6	5	10	27.9758	29.6698	29.7305	28.639	26.0699	24.523	22.6004	21.7521	21.2971	19.6339	17.7603	17.6734	17.2106	15.2072	14.0382	14.7736	14.2016	12.1333	12.6253	13.8949",
	"6	5	11	29.9645	31.8721	31.9255	30.9556	28.3953	26.7056	24.8208	24.0364	23.4143	21.548	19.7717	19.6148	18.8336	16.6498	15.5829	16.0075	14.9631	12.8342	13.2346	13.9625",
	"6	5	12	32.6068	34.5046	34.436	33.4759	30.81	29.0876	27.3299	26.485	25.6608	23.802	22.1564	21.7873	20.7832	18.693	17.6368	17.6846	16.3755	14.3664	14.4858	14.7217",
	"6	5	13	32.7391	34.7687	34.6621	33.8262	31.1161	29.3349	27.6854	26.8464	25.8403	23.9111	22.3919	21.9365	20.7104	18.579	17.6452	17.5021	15.9152	13.9179	14.1333	14.0647",
	"6	6	0	0	3.75459	6.57583	10.2005	12.6734	12.8495	10.7522	7.44936	5.79889	4.73757	6.66853	9.48218	11.8032	12.9794",
	"6	6	1	3.75459	0	3.76494	6.92205	9.91588	10.6519	8.33464	5.92371	5.21178	6.5908	9.07323	12.1447	14.6833	15.8096",
	"6	6	2	6.57583	3.76494	0	3.8274	6.29336	7.36487	5.94506	4.67804	6.46082	8.63524	11.8238	14.5627	17.2008	17.9725",
	"6	6	3	10.2005	6.92205	3.8274	0	3.75157	6.09504	5.28459	6.50173	8.93675	11.8503	15.0474	17.7832	20.5351	21.3056",
	"6	6	4	12.6734	9.91588	6.29336	3.75157	0	3.81358	5.57557	7.71771	11.0523	13.8242	17.3017	19.6835	22.4194	22.8961",
	"6	6	5	12.8495	10.6519	7.36487	6.09504	3.81358	0	3.84972	6.34941	10.0081	12.7428	16.316	18.3117	21.078	21.3484",
	"6	6	6	10.7522	8.33464	5.94506	5.28459	5.57557	3.84972	0	3.78963	6.90117	10.1884	13.573	15.8098	18.725	19.2602",
	"6	6	7	7.44936	5.92371	4.67804	6.50173	7.71771	6.34941	3.78963	0	3.78666	6.57931	10.1011	12.3721	15.2516	15.8243",
	"6	6	8	5.79889	5.21178	6.46082	8.93675	11.0523	10.0081	6.90117	3.78666	0	3.78891	6.85767	9.50781	12.4715	13.4217",
	"6	6	9	4.73757	6.5908	8.63524	11.8503	13.8242	12.7428	10.1884	6.57931	3.78891	0	3.77901	6.34142	9.17329	10.175",
	"6	6	10	6.66853	9.07323	11.8238	15.0474	17.3017	16.316	13.573	10.1011	6.85767	3.77901	0	3.78612	6.28507	8.10661",
	"6	6	11	9.48218	12.1447	14.5627	17.7832	19.6835	18.3117	15.8098	12.3721	9.50781	6.34142	3.78612	0	3.79986	5.96479",
	"6	6	12	11.8032	14.6833	17.2008	20.5351	22.4194	21.078	18.725	15.2516	12.4715	9.17329	6.28507	3.79986	0	3.80438",
	"6	6	13	12.9794	15.8096	17.9725	21.3056	22.8961	21.3484	19.2602	15.8243	13.4217	10.175	8.10661	5.96479	3.80438	0",
	"7	0	0	37.6563	35.6905	34.4286	32.2958	33.1447	30.9103	31.6831	30.4303	29.877	30.7053",
	"7	0	1	37.8627	35.9424	34.8453	33.0128	34.112	32.0622	33.1717	32.1826	31.9412	33.0043",
	"7	0	2	35.5497	33.741	32.8232	31.111	32.4771	30.6894	31.9691	31.2845	31.0328	32.3614",
	"7	0	3	33.071	31.168	30.0844	28.1951	29.3916	27.4834	28.6785	27.9292	27.6958	29.0378",
	"7	0	4	33.4336	31.4405	30.2847	28.5332	29.6455	27.6495	28.9992	28.2331	28.3675	29.7237",
	"7	0	5	33.0369	31.1826	30.3212	28.9346	30.4319	28.7892	30.4854	30.1056	30.4213	32.0535",
	"7	0	6	29.7498	27.9447	27.1329	25.7312	27.3674	25.9015	27.6834	27.5385	27.8375	29.6941",
	"7	0	7	28.672	26.6806	25.5674	23.9905	25.2922	23.5461	25.2588	24.941	25.4507	27.2528",
	"7	0	8	29.2425	27.238	25.9122	23.9085	24.8821	22.8461	24.1135	23.4141	23.5009	25.0373",
	"7	0	9	31.3761	29.2529	27.657	25.3813	25.8667	23.416	24.2562	23.0332	22.966	24.0654",
	"7	0	10	33.8547	31.7792	30.1368	27.6363	27.9296	25.3404	25.7623	24.1895	23.6114	24.2986",
	"7	1	0	25.7007	26.8852	25.2093	26.2331	27.4033	28.5597	31.6225	32.5341	35.9238",
	"7	1	1	27.7858	28.9079	27.1808	27.854	28.9839	29.7935	32.8509	33.507	36.7807",
	"7	1	2	27.8609	28.5851	26.4842	26.8528	27.5774	28.0986	30.9841	31.354	34.5048",
	"7	1	3	24.5443	25.206	23.1017	23.5	24.3147	24.9655	27.9425	28.5078	31.7655",
	"7	1	4	24.3956	25.2975	23.5027	23.8079	25.0044	25.6059	28.7505	29.4102	32.6742",
	"7	1	5	27.0893	27.7265	25.7054	25.5924	26.4689	26.609	29.5779	29.8226	32.8778",
	"7	1	6	25.4484	25.6871	23.3498	22.9795	23.516	23.459	26.3031	26.4064	29.4189",
	"7	1	7	22.3933	22.7885	20.7217	20.4145	21.3839	21.5439	24.641	25.1124	28.2622",
	"7	1	8	20.3389	20.8359	18.7596	18.9485	19.9903	20.6618	23.81	24.624	27.9698",
	"7	1	9	18.571	19.5799	18.0046	18.7931	20.3845	21.6195	24.9417	26.2259	29.7053",
	"7	1	10	19.0763	20.3012	18.8472	20.1802	21.7358	23.3615	26.5827	28.0415	31.5922",
	"7	2	0	28.6995	30.9405	31.1134	27.5177	27.2462	29.9535	28.7141	25.4209	26.2849",
	"7	2	1	29.7527	32.1702	32.0727	28.472	28.6077	31.2644	29.7324	26.5881	27.7769",
	"7	2	2	26.8578	29.281	29.0084	25.4197	25.7637	28.362	26.6999	23.6741	25.058",
	"7	2	3	24.9533	27.4969	27.592	24.0428	24.2216	27.0983	25.797	22.7364	24.0506",
	"7	2	4	27.2954	30.054	30.2336	26.7552	27.087	30.0781	28.8129	25.8383	27.266",
	"7	2	5	27.1335	29.978	29.7911	26.3429	27.1092	29.9506	28.3527	25.5851	27.3375",
	"7	2	6	23.6421	26.5585	26.4518	23.0737	23.9252	26.8624	25.4014	22.7571	24.6044",
	"7	2	7	24.2957	27.3267	27.6633	24.4104	25.0361	28.2153	27.159	24.4959	26.1804",
	"7	2	8	23.3395	26.162	26.7666	23.4499	23.5952	26.8331	26.0433	23.1624	24.495",
	"7	2	9	25.7128	28.3768	29.2526	25.9633	25.7143	28.9734	28.4266	25.3921	26.3888",
	"7	2	10	26.438	28.7808	29.6947	26.3369	25.6779	28.7941	28.3163	25.0861	25.7175",
	"7	3	0	27.359	27.3294	25.0343	24.2682	25.4877	24.9143	22.7081	23.0216	24.4799",
	"7	3	1	30.1955	30.0953	27.7533	27.1223	28.3757	27.6309	25.4263	25.856	27.2054",
	"7	3	2	28.8395	28.7228	26.4088	26.0427	27.4692	26.6684	24.6061	25.3303	26.744",
	"7	3	3	27.2586	27.4656	25.2068	24.7617	26.4652	25.9867	23.8723	24.6208	26.3809",
	"7	3	4	30.264	30.6067	28.3309	27.7433	29.4899	29.0828	26.8212	27.4573	29.2681",
	"7	3	5	31.9567	32.1585	29.8502	29.4924	31.2626	30.6357	28.4516	29.2911	30.9787",
